Test TriangleCentrality...                      
================================== A.mtx:

Method: 0
TC0: # of triangles: 11

  7x1 GraphBLAS double vector, full by col
  centrality, 7 entries, memory: 320 bytes

    (0,0)    0.575758
    (1,0)    0.848485
    (2,0)    0.939394
    (3,0)    0.939394
    (4,0)    0.575758
    (5,0)    0.878788
    (6,0)    0.848485


Method: 1
TC1: # of triangles: 11

  7x1 GraphBLAS double vector, full by col
  centrality, 7 entries, memory: 320 bytes

    (0,0)    0.575758
    (1,0)    0.848485
    (2,0)    0.939394
    (3,0)    0.939394
    (4,0)    0.575758
    (5,0)    0.878788
    (6,0)    0.848485


Method: 2
TC2: # of triangles: 11

  7x1 GraphBLAS double vector, full by col
  centrality, 7 entries, memory: 320 bytes

    (0,0)    0.575758
    (1,0)    0.848485
    (2,0)    0.939394
    (3,0)    0.939394
    (4,0)    0.575758
    (5,0)    0.878788
    (6,0)    0.848485


Method: 3
TC3: # of triangles: 11

  7x1 GraphBLAS double vector, full by col
  centrality, 7 entries, memory: 320 bytes

    (0,0)    0.575758
    (1,0)    0.848485
    (2,0)    0.939394
    (3,0)    0.939394
    (4,0)    0.575758
    (5,0)    0.878788
    (6,0)    0.848485


================================== jagmesh7.mtx:
graph has 1138 self edges
now has 0 self edges

Method: 0
TC0: # of triangles: 2016

  1138x1 GraphBLAS double vector, full by col
  centrality, 1138 entries, memory: 16.2 KB

    (0,0)    0.00347222
    (1,0)    0.00595238
    (2,0)    0.00694444
    (3,0)    0.00694444
    (4,0)    0.00694444
    (5,0)    0.00595238
    (6,0)    0.00347222
    (7,0)    0.00595238
    (8,0)    0.00694444
    (9,0)    0.00694444
    (10,0)    0.00694444
    (11,0)    0.00595238
    (12,0)    0.00347222
    (13,0)    0.00347222
    (14,0)    0.00347222
    (15,0)    0.00347222
    (16,0)    0.00347222
    (17,0)    0.00347222
    (18,0)    0.00595238
    (19,0)    0.00694444
    (20,0)    0.00694444
    (21,0)    0.00694444
    (22,0)    0.00595238
    (23,0)    0.00694444
    (24,0)    0.00694444
    (25,0)    0.00595238
    (26,0)    0.00694444
    (27,0)    0.00595238
    (28,0)    0.00595238
    ...

Method: 1
TC1: # of triangles: 2016

  1138x1 GraphBLAS double vector, full by col
  centrality, 1138 entries, memory: 16.2 KB

    (0,0)    0.00347222
    (1,0)    0.00595238
    (2,0)    0.00694444
    (3,0)    0.00694444
    (4,0)    0.00694444
    (5,0)    0.00595238
    (6,0)    0.00347222
    (7,0)    0.00595238
    (8,0)    0.00694444
    (9,0)    0.00694444
    (10,0)    0.00694444
    (11,0)    0.00595238
    (12,0)    0.00347222
    (13,0)    0.00347222
    (14,0)    0.00347222
    (15,0)    0.00347222
    (16,0)    0.00347222
    (17,0)    0.00347222
    (18,0)    0.00595238
    (19,0)    0.00694444
    (20,0)    0.00694444
    (21,0)    0.00694444
    (22,0)    0.00595238
    (23,0)    0.00694444
    (24,0)    0.00694444
    (25,0)    0.00595238
    (26,0)    0.00694444
    (27,0)    0.00595238
    (28,0)    0.00595238
    ...

Method: 2
TC2: # of triangles: 2016

  1138x1 GraphBLAS double vector, full by col
  centrality, 1138 entries, memory: 16.2 KB

    (0,0)    0.00347222
    (1,0)    0.00595238
    (2,0)    0.00694444
    (3,0)    0.00694444
    (4,0)    0.00694444
    (5,0)    0.00595238
    (6,0)    0.00347222
    (7,0)    0.00595238
    (8,0)    0.00694444
    (9,0)    0.00694444
    (10,0)    0.00694444
    (11,0)    0.00595238
    (12,0)    0.00347222
    (13,0)    0.00347222
    (14,0)    0.00347222
    (15,0)    0.00347222
    (16,0)    0.00347222
    (17,0)    0.00347222
    (18,0)    0.00595238
    (19,0)    0.00694444
    (20,0)    0.00694444
    (21,0)    0.00694444
    (22,0)    0.00595238
    (23,0)    0.00694444
    (24,0)    0.00694444
    (25,0)    0.00595238
    (26,0)    0.00694444
    (27,0)    0.00595238
    (28,0)    0.00595238
    ...

Method: 3
TC3: # of triangles: 2016

  1138x1 GraphBLAS double vector, full by col
  centrality, 1138 entries, memory: 16.2 KB

    (0,0)    0.00347222
    (1,0)    0.00595238
    (2,0)    0.00694444
    (3,0)    0.00694444
    (4,0)    0.00694444
    (5,0)    0.00595238
    (6,0)    0.00347222
    (7,0)    0.00595238
    (8,0)    0.00694444
    (9,0)    0.00694444
    (10,0)    0.00694444
    (11,0)    0.00595238
    (12,0)    0.00347222
    (13,0)    0.00347222
    (14,0)    0.00347222
    (15,0)    0.00347222
    (16,0)    0.00347222
    (17,0)    0.00347222
    (18,0)    0.00595238
    (19,0)    0.00694444
    (20,0)    0.00694444
    (21,0)    0.00694444
    (22,0)    0.00595238
    (23,0)    0.00694444
    (24,0)    0.00694444
    (25,0)    0.00595238
    (26,0)    0.00694444
    (27,0)    0.00595238
    (28,0)    0.00595238
    ...

================================== bcsstk13.mtx:
graph has 2003 self edges
now has 0 self edges

Method: 0
TC0: # of triangles: 342300

  2003x1 GraphBLAS double vector, full by col
  centrality, 2003 entries, memory: 16.2 KB

    (0,0)    0.00827247
    (1,0)    0.00769208
    (2,0)    0.00478528
    (3,0)    0.00720615
    (4,0)    0.00791119
    (5,0)    0.00763365
    (6,0)    0.0124141
    (7,0)    0.0124141
    (8,0)    0.00769111
    (9,0)    0.0117879
    (10,0)    0.0117879
    (11,0)    0.0113429
    (12,0)    0.0144649
    (13,0)    0.0144649
    (14,0)    0.00895706
    (15,0)    0.0137589
    (16,0)    0.0137589
    (17,0)    0.0132545
    (18,0)    0.0128036
    (19,0)    0.0128036
    (20,0)    0.00797936
    (21,0)    0.0121258
    (22,0)    0.0121258
    (23,0)    0.0116779
    (24,0)    0.00836303
    (25,0)    0.00807089
    (26,0)    0.00505794
    (27,0)    0.00753335
    (28,0)    0.00795014
    ...

Method: 1
TC1: # of triangles: 342300

  2003x1 GraphBLAS double vector, full by col
  centrality, 2003 entries, memory: 16.2 KB

    (0,0)    0.00827247
    (1,0)    0.00769208
    (2,0)    0.00478528
    (3,0)    0.00720615
    (4,0)    0.00791119
    (5,0)    0.00763365
    (6,0)    0.0124141
    (7,0)    0.0124141
    (8,0)    0.00769111
    (9,0)    0.0117879
    (10,0)    0.0117879
    (11,0)    0.0113429
    (12,0)    0.0144649
    (13,0)    0.0144649
    (14,0)    0.00895706
    (15,0)    0.0137589
    (16,0)    0.0137589
    (17,0)    0.0132545
    (18,0)    0.0128036
    (19,0)    0.0128036
    (20,0)    0.00797936
    (21,0)    0.0121258
    (22,0)    0.0121258
    (23,0)    0.0116779
    (24,0)    0.00836303
    (25,0)    0.00807089
    (26,0)    0.00505794
    (27,0)    0.00753335
    (28,0)    0.00795014
    ...

Method: 2
TC2: # of triangles: 342300

  2003x1 GraphBLAS double vector, full by col
  centrality, 2003 entries, memory: 16.2 KB

    (0,0)    0.00827247
    (1,0)    0.00769208
    (2,0)    0.00478528
    (3,0)    0.00720615
    (4,0)    0.00791119
    (5,0)    0.00763365
    (6,0)    0.0124141
    (7,0)    0.0124141
    (8,0)    0.00769111
    (9,0)    0.0117879
    (10,0)    0.0117879
    (11,0)    0.0113429
    (12,0)    0.0144649
    (13,0)    0.0144649
    (14,0)    0.00895706
    (15,0)    0.0137589
    (16,0)    0.0137589
    (17,0)    0.0132545
    (18,0)    0.0128036
    (19,0)    0.0128036
    (20,0)    0.00797936
    (21,0)    0.0121258
    (22,0)    0.0121258
    (23,0)    0.0116779
    (24,0)    0.00836303
    (25,0)    0.00807089
    (26,0)    0.00505794
    (27,0)    0.00753335
    (28,0)    0.00795014
    ...

Method: 3
TC3: # of triangles: 342300

  2003x1 GraphBLAS double vector, full by col
  centrality, 2003 entries, memory: 16.2 KB

    (0,0)    0.00827247
    (1,0)    0.00769208
    (2,0)    0.00478528
    (3,0)    0.00720615
    (4,0)    0.00791119
    (5,0)    0.00763365
    (6,0)    0.0124141
    (7,0)    0.0124141
    (8,0)    0.00769111
    (9,0)    0.0117879
    (10,0)    0.0117879
    (11,0)    0.0113429
    (12,0)    0.0144649
    (13,0)    0.0144649
    (14,0)    0.00895706
    (15,0)    0.0137589
    (16,0)    0.0137589
    (17,0)    0.0132545
    (18,0)    0.0128036
    (19,0)    0.0128036
    (20,0)    0.00797936
    (21,0)    0.0121258
    (22,0)    0.0121258
    (23,0)    0.0116779
    (24,0)    0.00836303
    (25,0)    0.00807089
    (26,0)    0.00505794
    (27,0)    0.00753335
    (28,0)    0.00795014
    ...

================================== karate.mtx:

Method: 0
TC0: # of triangles: 45

  34x1 GraphBLAS double vector, full by col
  centrality, 34 entries, memory: 768 bytes

    (0,0)    0.674074
    (1,0)    0.555556
    (2,0)    0.644444
    (3,0)    0.474074
    (4,0)    0.185185
    (5,0)    0.2
    (6,0)    0.2
    (7,0)    0.422222
    (8,0)    0.481481
    (9,0)    0.577778
    (10,0)    0.185185
    (11,0)    0.4
    (12,0)    0.214815
    (13,0)    0.755556
    (14,0)    0.214815
    (15,0)    0.214815
    (16,0)    0.0518519
    (17,0)    0.22963
    (18,0)    0.214815
    (19,0)    0.562963
    (20,0)    0.214815
    (21,0)    0.22963
    (22,0)    0.214815
    (23,0)    0.296296
    (24,0)    0.0592593
    (25,0)    0.125926
    (26,0)    0.148148
    (27,0)    0.414815
    (28,0)    0.385185
    (29,0)    0.274074
    (30,0)    0.533333
    (31,0)    0.651852
    (32,0)    0.466667
    (33,0)    0.562963


Method: 1
TC1: # of triangles: 45

  34x1 GraphBLAS double vector, full by col
  centrality, 34 entries, memory: 768 bytes

    (0,0)    0.674074
    (1,0)    0.555556
    (2,0)    0.644444
    (3,0)    0.474074
    (4,0)    0.185185
    (5,0)    0.2
    (6,0)    0.2
    (7,0)    0.422222
    (8,0)    0.481481
    (9,0)    0.577778
    (10,0)    0.185185
    (11,0)    0.4
    (12,0)    0.214815
    (13,0)    0.755556
    (14,0)    0.214815
    (15,0)    0.214815
    (16,0)    0.0518519
    (17,0)    0.22963
    (18,0)    0.214815
    (19,0)    0.562963
    (20,0)    0.214815
    (21,0)    0.22963
    (22,0)    0.214815
    (23,0)    0.296296
    (24,0)    0.0592593
    (25,0)    0.125926
    (26,0)    0.148148
    (27,0)    0.414815
    (28,0)    0.385185
    (29,0)    0.274074
    (30,0)    0.533333
    (31,0)    0.651852
    (32,0)    0.466667
    (33,0)    0.562963


Method: 2
TC2: # of triangles: 45

  34x1 GraphBLAS double vector, full by col
  centrality, 34 entries, memory: 768 bytes

    (0,0)    0.674074
    (1,0)    0.555556
    (2,0)    0.644444
    (3,0)    0.474074
    (4,0)    0.185185
    (5,0)    0.2
    (6,0)    0.2
    (7,0)    0.422222
    (8,0)    0.481481
    (9,0)    0.577778
    (10,0)    0.185185
    (11,0)    0.4
    (12,0)    0.214815
    (13,0)    0.755556
    (14,0)    0.214815
    (15,0)    0.214815
    (16,0)    0.0518519
    (17,0)    0.22963
    (18,0)    0.214815
    (19,0)    0.562963
    (20,0)    0.214815
    (21,0)    0.22963
    (22,0)    0.214815
    (23,0)    0.296296
    (24,0)    0.0592593
    (25,0)    0.125926
    (26,0)    0.148148
    (27,0)    0.414815
    (28,0)    0.385185
    (29,0)    0.274074
    (30,0)    0.533333
    (31,0)    0.651852
    (32,0)    0.466667
    (33,0)    0.562963


Method: 3
TC3: # of triangles: 45

  34x1 GraphBLAS double vector, full by col
  centrality, 34 entries, memory: 768 bytes

    (0,0)    0.674074
    (1,0)    0.555556
    (2,0)    0.644444
    (3,0)    0.474074
    (4,0)    0.185185
    (5,0)    0.2
    (6,0)    0.2
    (7,0)    0.422222
    (8,0)    0.481481
    (9,0)    0.577778
    (10,0)    0.185185
    (11,0)    0.4
    (12,0)    0.214815
    (13,0)    0.755556
    (14,0)    0.214815
    (15,0)    0.214815
    (16,0)    0.0518519
    (17,0)    0.22963
    (18,0)    0.214815
    (19,0)    0.562963
    (20,0)    0.214815
    (21,0)    0.22963
    (22,0)    0.214815
    (23,0)    0.296296
    (24,0)    0.0592593
    (25,0)    0.125926
    (26,0)    0.148148
    (27,0)    0.414815
    (28,0)    0.385185
    (29,0)    0.274074
    (30,0)    0.533333
    (31,0)    0.651852
    (32,0)    0.466667
    (33,0)    0.562963


================================== ldbc-cdlp-undirected-example.mtx:

Method: 0
TC0: # of triangles: 6

  8x1 GraphBLAS double vector, full by col
  centrality, 8 entries, memory: 320 bytes

    (0,0)    0.333333
    (1,0)    0.166667
    (2,0)    0.166667
    (3,0)    0.777778
    (4,0)    0.833333
    (5,0)    0.777778
    (6,0)    0.666667
    (7,0)    0.833333


Method: 1
TC1: # of triangles: 6

  8x1 GraphBLAS double vector, full by col
  centrality, 8 entries, memory: 320 bytes

    (0,0)    0.333333
    (1,0)    0.166667
    (2,0)    0.166667
    (3,0)    0.777778
    (4,0)    0.833333
    (5,0)    0.777778
    (6,0)    0.666667
    (7,0)    0.833333


Method: 2
TC2: # of triangles: 6

  8x1 GraphBLAS double vector, full by col
  centrality, 8 entries, memory: 320 bytes

    (0,0)    0.333333
    (1,0)    0.166667
    (2,0)    0.166667
    (3,0)    0.777778
    (4,0)    0.833333
    (5,0)    0.777778
    (6,0)    0.666667
    (7,0)    0.833333


Method: 3
TC3: # of triangles: 6

  8x1 GraphBLAS double vector, full by col
  centrality, 8 entries, memory: 320 bytes

    (0,0)    0.333333
    (1,0)    0.166667
    (2,0)    0.166667
    (3,0)    0.777778
    (4,0)    0.833333
    (5,0)    0.777778
    (6,0)    0.666667
    (7,0)    0.833333


================================== ldbc-undirected-example-bool.mtx:

Method: 0
TC0: # of triangles: 4

  9x1 GraphBLAS double vector, full by col
  centrality, 9 entries, memory: 384 bytes

    (0,0)    0.333333
    (1,0)    0.666667
    (2,0)    0.333333
    (3,0)    0.666667
    (4,0)    0.666667
    (5,0)    0.333333
    (6,0)    0.666667
    (7,0)    0.333333
    (8,0)    0.5


Method: 1
TC1: # of triangles: 4

  9x1 GraphBLAS double vector, full by col
  centrality, 9 entries, memory: 384 bytes

    (0,0)    0.333333
    (1,0)    0.666667
    (2,0)    0.333333
    (3,0)    0.666667
    (4,0)    0.666667
    (5,0)    0.333333
    (6,0)    0.666667
    (7,0)    0.333333
    (8,0)    0.5


Method: 2
TC2: # of triangles: 4

  9x1 GraphBLAS double vector, full by col
  centrality, 9 entries, memory: 384 bytes

    (0,0)    0.333333
    (1,0)    0.666667
    (2,0)    0.333333
    (3,0)    0.666667
    (4,0)    0.666667
    (5,0)    0.333333
    (6,0)    0.666667
    (7,0)    0.333333
    (8,0)    0.5


Method: 3
TC3: # of triangles: 4

  9x1 GraphBLAS double vector, full by col
  centrality, 9 entries, memory: 384 bytes

    (0,0)    0.333333
    (1,0)    0.666667
    (2,0)    0.333333
    (3,0)    0.666667
    (4,0)    0.666667
    (5,0)    0.333333
    (6,0)    0.666667
    (7,0)    0.333333
    (8,0)    0.5


================================== ldbc-undirected-example-unweighted.mtx:

Method: 0
TC0: # of triangles: 4

  9x1 GraphBLAS double vector, full by col
  centrality, 9 entries, memory: 384 bytes

    (0,0)    0.333333
    (1,0)    0.666667
    (2,0)    0.333333
    (3,0)    0.666667
    (4,0)    0.666667
    (5,0)    0.333333
    (6,0)    0.666667
    (7,0)    0.333333
    (8,0)    0.5


Method: 1
TC1: # of triangles: 4

  9x1 GraphBLAS double vector, full by col
  centrality, 9 entries, memory: 384 bytes

    (0,0)    0.333333
    (1,0)    0.666667
    (2,0)    0.333333
    (3,0)    0.666667
    (4,0)    0.666667
    (5,0)    0.333333
    (6,0)    0.666667
    (7,0)    0.333333
    (8,0)    0.5


Method: 2
TC2: # of triangles: 4

  9x1 GraphBLAS double vector, full by col
  centrality, 9 entries, memory: 384 bytes

    (0,0)    0.333333
    (1,0)    0.666667
    (2,0)    0.333333
    (3,0)    0.666667
    (4,0)    0.666667
    (5,0)    0.333333
    (6,0)    0.666667
    (7,0)    0.333333
    (8,0)    0.5


Method: 3
TC3: # of triangles: 4

  9x1 GraphBLAS double vector, full by col
  centrality, 9 entries, memory: 384 bytes

    (0,0)    0.333333
    (1,0)    0.666667
    (2,0)    0.333333
    (3,0)    0.666667
    (4,0)    0.666667
    (5,0)    0.333333
    (6,0)    0.666667
    (7,0)    0.333333
    (8,0)    0.5


================================== ldbc-undirected-example.mtx:

Method: 0
TC0: # of triangles: 4

  9x1 GraphBLAS double vector, full by col
  centrality, 9 entries, memory: 384 bytes

    (0,0)    0.333333
    (1,0)    0.666667
    (2,0)    0.333333
    (3,0)    0.666667
    (4,0)    0.666667
    (5,0)    0.333333
    (6,0)    0.666667
    (7,0)    0.333333
    (8,0)    0.5


Method: 1
TC1: # of triangles: 4

  9x1 GraphBLAS double vector, full by col
  centrality, 9 entries, memory: 384 bytes

    (0,0)    0.333333
    (1,0)    0.666667
    (2,0)    0.333333
    (3,0)    0.666667
    (4,0)    0.666667
    (5,0)    0.333333
    (6,0)    0.666667
    (7,0)    0.333333
    (8,0)    0.5


Method: 2
TC2: # of triangles: 4

  9x1 GraphBLAS double vector, full by col
  centrality, 9 entries, memory: 384 bytes

    (0,0)    0.333333
    (1,0)    0.666667
    (2,0)    0.333333
    (3,0)    0.666667
    (4,0)    0.666667
    (5,0)    0.333333
    (6,0)    0.666667
    (7,0)    0.333333
    (8,0)    0.5


Method: 3
TC3: # of triangles: 4

  9x1 GraphBLAS double vector, full by col
  centrality, 9 entries, memory: 384 bytes

    (0,0)    0.333333
    (1,0)    0.666667
    (2,0)    0.333333
    (3,0)    0.666667
    (4,0)    0.666667
    (5,0)    0.333333
    (6,0)    0.666667
    (7,0)    0.333333
    (8,0)    0.5


================================== ldbc-wcc-example.mtx:

Method: 0
TC0: # of triangles: 5

  10x1 GraphBLAS double vector, full by col
  centrality, 10 entries, memory: 384 bytes

    (0,0)    0.866667
    (1,0)    0.4
    (2,0)    0.866667
    (3,0)    0.4
    (4,0)    1
    (5,0)    0.8
    (6,0)    0.2
    (7,0)    0.866667
    (8,0)    0.2
    (9,0)    0.8


Method: 1
TC1: # of triangles: 5

  10x1 GraphBLAS double vector, full by col
  centrality, 10 entries, memory: 384 bytes

    (0,0)    0.866667
    (1,0)    0.4
    (2,0)    0.866667
    (3,0)    0.4
    (4,0)    1
    (5,0)    0.8
    (6,0)    0.2
    (7,0)    0.866667
    (8,0)    0.2
    (9,0)    0.8


Method: 2
TC2: # of triangles: 5

  10x1 GraphBLAS double vector, full by col
  centrality, 10 entries, memory: 384 bytes

    (0,0)    0.866667
    (1,0)    0.4
    (2,0)    0.866667
    (3,0)    0.4
    (4,0)    1
    (5,0)    0.8
    (6,0)    0.2
    (7,0)    0.866667
    (8,0)    0.2
    (9,0)    0.8


Method: 3
TC3: # of triangles: 5

  10x1 GraphBLAS double vector, full by col
  centrality, 10 entries, memory: 384 bytes

    (0,0)    0.866667
    (1,0)    0.4
    (2,0)    0.866667
    (3,0)    0.4
    (4,0)    1
    (5,0)    0.8
    (6,0)    0.2
    (7,0)    0.866667
    (8,0)    0.2
    (9,0)    0.8

[ OK ]
SUCCESS: All unit tests have passed.
